rouge1.f1: 0.795869628727048
rouge1.precision: 0.8052674920978491
rouge1.recall: 0.7972342042877758
rougeL.f1: 0.7938259779333972
rougeL.precision: 0.8032238413041984
rougeL.recall: 0.7951905534941252
bertS.f1: 0.9842951924318359
bertS.precision: 0.9852137973620778
bertS.recall: 0.9836610428988933
