rouge1.f1: 0.7662358797667839
rouge1.precision: 0.7725288170823882
rouge1.recall: 0.7715951178451179
rougeL.f1: 0.7650215607058262
rougeL.precision: 0.7713482615268324
rougeL.recall: 0.7703318903318904
bertS.f1: 0.9818942911568143
bertS.precision: 0.9821714086546784
bertS.recall: 0.9818918362614655
