rouge1.f1: 0.6233421342817422
rouge1.precision: 0.6197584237003847
rouge1.recall: 0.6859228552532122
rougeL.f1: 0.6218362453511347
rougeL.precision: 0.6183905635930086
rougeL.recall: 0.6836250472411185
bertS.f1: 0.9648473636380264
bertS.precision: 0.9605059090469564
bertS.recall: 0.9702290820933523
