rouge1.f1: 0.6192685729457599
rouge1.precision: 0.608163519086211
rouge1.recall: 0.7020471790114642
rougeL.f1: 0.6183757067772957
rougeL.precision: 0.6073767256278407
rougeL.recall: 0.7004740497597637
bertS.f1: 0.9633402179749239
bertS.precision: 0.9577783451903434
bertS.recall: 0.9702291673492818
