rouge1.f1: 0.712690384040173
rouge1.precision: 0.720799319727891
rouge1.recall: 0.7169392479213909
rougeL.f1: 0.7115295201219562
rougeL.precision: 0.7196967120181404
rougeL.recall: 0.7156264172335604
bertS.f1: 0.9827578708174682
bertS.precision: 0.9833220418365228
bertS.recall: 0.9824911495049794
