rouge1.f1: 0.6637830422349332
rouge1.precision: 0.6646247632575758
rouge1.recall: 0.6720225694444443
rougeL.f1: 0.6627543053468214
rougeL.precision: 0.6636637017496393
rougeL.recall: 0.6709027777777777
bertS.f1: 0.9468565893359482
bertS.precision: 0.9419040500496825
bertS.recall: 0.9522703717152278
