rouge1.f1: 0.7157472780877792
rouge1.precision: 0.729579482155181
rouge1.recall: 0.7172184429327286
rougeL.f1: 0.715166883767889
rougeL.precision: 0.7288095546189491
rougeL.recall: 0.7167261904761905
bertS.f1: 0.9729245394113518
bertS.precision: 0.9737864362342017
bertS.recall: 0.9724852780855837
