rouge1.f1: 0.7137478448286034
rouge1.precision: 0.7170756491618625
rouge1.recall: 0.7325344860166287
rougeL.f1: 0.7126785560019618
rougeL.precision: 0.7160580754657176
rougeL.recall: 0.7313208616780046
bertS.f1: 0.9817750462463923
bertS.precision: 0.9811724489643461
bertS.recall: 0.9828022819189798
