rouge1.f1: 0.6061303123520612
rouge1.precision: 0.6033805530595112
rouge1.recall: 0.6754669784580496
rougeL.f1: 0.6050909737208604
rougeL.precision: 0.6023661059252179
rougeL.recall: 0.6739599867724866
bertS.f1: 0.9651479732422602
bertS.precision: 0.9613597427450475
bertS.recall: 0.9701778939792088
