rouge1.f1: 0.7121290419870231
rouge1.precision: 0.7069055093023097
rouge1.recall: 0.7534471844293272
rougeL.f1: 0.7110597531603813
rougeL.precision: 0.7058879356061646
rougeL.recall: 0.752233560090703
bertS.f1: 0.9787258951791695
bertS.precision: 0.9759932863570395
bertS.recall: 0.9820637358086449
