rouge1.f1: 0.6095566842212764
rouge1.precision: 0.6282608614930043
rouge1.recall: 0.6043469130076272
rougeL.f1: 0.6092024684608982
rougeL.precision: 0.6277686453757882
rougeL.recall: 0.6040530732495017
bertS.f1: 0.9660940514433951
bertS.precision: 0.9675216195838792
bertS.recall: 0.9651670377524126
