rouge1.f1: 0.7753754967359295
rouge1.precision: 0.7829313048063047
rouge1.recall: 0.7793229637426065
rougeL.f1: 0.7740391181674079
rougeL.precision: 0.7815820984570984
rougeL.recall: 0.777939035171178
bertS.f1: 0.982298577328523
bertS.precision: 0.9829011567291759
bertS.recall: 0.9819476468577272
