rouge1.f1: 0.723192264337747
rouge1.precision: 0.7193195990517418
rouge1.recall: 0.7403281110423963
rougeL.f1: 0.722442797884499
rougeL.precision: 0.7185755514326942
rougeL.recall: 0.73955099464028
bertS.f1: 0.9749588108133702
bertS.precision: 0.9735052209524881
bertS.recall: 0.9767382650148301
