rouge1.f1: 0.7667462052706411
rouge1.precision: 0.7771541950113376
rouge1.recall: 0.7682909881124164
rougeL.f1: 0.765063621980915
rougeL.precision: 0.7753287981859409
rougeL.recall: 0.7666805383769666
bertS.f1: 0.9837211719935849
bertS.precision: 0.9851420243935926
bertS.recall: 0.9826227040163108
