rouge1.f1: 0.7299009613093862
rouge1.precision: 0.7391365964624843
rouge1.recall: 0.7341515495086922
rougeL.f1: 0.7286655339837168
rougeL.precision: 0.7377919626970284
rougeL.recall: 0.7328401360544217
bertS.f1: 0.9828697629272938
bertS.precision: 0.9837023979141599
bertS.recall: 0.9823674429385435
