rouge1.f1: 0.3304287342393119
rouge1.precision: 0.25127782042303953
rouge1.recall: 0.5920687100597815
rougeL.f1: 0.3299484195348593
rougeL.precision: 0.25085477620535246
rougeL.recall: 0.5915059048094762
bertS.f1: 0.8388859617922987
bertS.precision: 0.789706215262413
bertS.recall: 0.895369356267509
