rouge1.f1: 0.7424629572691539
rouge1.precision: 0.7523405741084314
rouge1.recall: 0.7447328729471582
rougeL.f1: 0.7411168652192808
rougeL.precision: 0.7509956194599052
rougeL.recall: 0.7433605184498039
bertS.f1: 0.983434638593878
bertS.precision: 0.9848487982437724
bertS.recall: 0.9823306493106343
