rouge1.f1: 0.7238838660491921
rouge1.precision: 0.7234804229117818
rouge1.recall: 0.7533578987150414
rougeL.f1: 0.7222269703849434
rougeL.precision: 0.7218817834559996
rougeL.recall: 0.7515490362811791
bertS.f1: 0.9807317964732647
bertS.precision: 0.9792761869728566
bertS.recall: 0.982695949219522
