rouge1.f1: 0.7923203109915289
rouge1.precision: 0.8023511904761906
rouge1.recall: 0.7925089758125472
rougeL.f1: 0.7905563276204027
rougeL.precision: 0.800496031746032
rougeL.recall: 0.7908125472411184
bertS.f1: 0.9840415540195647
bertS.precision: 0.9849964678287506
bertS.recall: 0.9833492618231546
