rouge1.f1: 0.7257320837425878
rouge1.precision: 0.7308366402116402
rouge1.recall: 0.7353774565381708
rougeL.f1: 0.7243334813723469
rougeL.precision: 0.7292592592592593
rougeL.recall: 0.7340093537414965
bertS.f1: 0.980847294770536
bertS.precision: 0.9801342798840432
bertS.recall: 0.9819543456392629
