rouge1.f1: 0.724080114748508
rouge1.precision: 0.737421610796611
rouge1.recall: 0.72366427884285
rougeL.f1: 0.7229749524038501
rougeL.precision: 0.7362750688464978
rougeL.recall: 0.7225895433931148
bertS.f1: 0.9831969706075532
bertS.precision: 0.985135422930831
bertS.recall: 0.9815579467586109
