rouge1.f1: 0.5023092049941112
rouge1.precision: 0.46949316131495367
rouge1.recall: 0.6679329648526076
rougeL.f1: 0.49930971597019386
rougeL.precision: 0.46742701201921016
rougeL.recall: 0.661444869614512
bertS.f1: 0.9072530372156984
bertS.precision: 0.8952629382766428
bertS.recall: 0.9217043756019502
