rouge1.f1: 0.7319603700065874
rouge1.precision: 0.741971371882086
rouge1.recall: 0.7332303476946331
rougeL.f1: 0.7308712399101045
rougeL.precision: 0.7409041950113378
rougeL.recall: 0.7320167233560088
bertS.f1: 0.983988944547517
bertS.precision: 0.9849382185510227
bertS.recall: 0.9833312819401423
