rouge1.f1: 0.7350843737650453
rouge1.precision: 0.7459561483308266
rouge1.recall: 0.7384786212464781
rougeL.f1: 0.7343051751392082
rougeL.precision: 0.7452064317775384
rougeL.recall: 0.7376519016697586
bertS.f1: 0.9833805839930262
bertS.precision: 0.9846310629021554
bertS.recall: 0.9824715734947296
