rouge1.f1: 0.6138522246825906
rouge1.precision: 0.6101956953326569
rouge1.recall: 0.6797153722600149
rougeL.f1: 0.6123256784707375
rougeL.precision: 0.6090309662014879
rougeL.recall: 0.6767089474678757
bertS.f1: 0.9640612166552317
bertS.precision: 0.9594406417083172
bertS.recall: 0.9697151099642117
